FORPRINT: Fri Nov 10 17:37:09 2006
      0.00000      485.516
    0.0500000      484.169
     0.100000      482.807
     0.150000      481.444
     0.200000      480.174
     0.250000      478.900
     0.300000      477.670
     0.350000      476.494
     0.400000      475.348
     0.450000      474.257
     0.500000      473.152
     0.550000      472.089
     0.600000      471.070
     0.650000      470.079
     0.700000      469.113
     0.750000      468.173
     0.800000      467.274
     0.850000      466.407
     0.900000      465.557
     0.950000      464.743
      1.00000      463.949
      1.05000      463.181
      1.10000      462.423
      1.15000      461.731
      1.20000      461.049
      1.25000      460.404
      1.30000      459.762
      1.35000      459.176
      1.40000      458.581
      1.45000      458.073
      1.50000      457.521
      1.55000      457.010
      1.60000      456.546
      1.65000      456.093
      1.70000      455.645
      1.75000      455.218
      1.80000      454.810
      1.85000      454.417
      1.90000      454.073
      1.95000      453.691
      2.00000      453.349
      2.05000      453.036
      2.10000      452.717
      2.15000      452.424
      2.20000      452.158
      2.25000      451.892
      2.30000      451.608
      2.35000      451.341
      2.40000      451.113
      2.45000      450.862
      2.50000      450.600
      2.55000      450.344
      2.60000      450.099
      2.65000      449.868
      2.70000      449.607
      2.75000      449.376
      2.80000      449.143
      2.85000      448.886
      2.90000      448.644
      2.95000      448.406
      3.00000      448.167
      3.05000      447.898
      3.10000      447.637
      3.15000      447.361
      3.20000      447.086
      3.25000      446.811
      3.30000      446.509
      3.35000      446.230
      3.40000      445.925
      3.45000      445.600
      3.50000      445.272
      3.55000      444.925
      3.60000      444.571
      3.65000      444.189
      3.70000      443.806
      3.75000      443.407
      3.80000      442.972
      3.85000      442.563
      3.90000      442.102
      3.95000      441.658
      4.00000      441.168
      4.05000      440.664
      4.10000      440.142
      4.15000      439.601
      4.20000      439.050
      4.25000      438.458
      4.30000      437.867
      4.35000      437.250
      4.40000      436.593
      4.45000      435.950
      4.50000      435.263
      4.55000      434.583
      4.60000      433.891
      4.65000      433.178
      4.70000      432.448
      4.75000      431.682
      4.80000      430.924
      4.85000      430.129
      4.90000      429.359
      4.95000      428.532
      5.00000      427.731
      5.05000      426.897
      5.10000      426.070
      5.15000      425.192
      5.20000      424.346
      5.25000      423.435
      5.30000      422.565
      5.35000      421.610
      5.40000      420.703
      5.45000      419.758
      5.50000      418.811
      5.55000      417.825
      5.60000      416.838
      5.65000      415.844
      5.70000      414.826
      5.75000      413.805
      5.80000      412.753
      5.85000      411.687
      5.90000      410.628
      5.95000      409.538
      6.00000      408.439
      6.05000      407.329
      6.10000      406.208
      6.15000      405.078
      6.20000      403.937
      6.25000      402.764
      6.30000      401.605
      6.35000      400.438
      6.40000      399.255
      6.45000      398.061
      6.50000      396.859
      6.55000      395.657
      6.60000      394.452
      6.65000      393.216
      6.70000      392.010
      6.75000      390.792
      6.80000      389.556
      6.85000      388.331
      6.90000      387.118
      6.95000      385.880
      7.00000      384.657
      7.05000      383.439
      7.10000      382.194
      7.15000      380.986
      7.20000      379.756
      7.25000      378.544
      7.30000      377.301
      7.35000      376.097
      7.40000      374.845
      7.45000      373.631
      7.50000      372.417
      7.55000      371.189
      7.60000      369.974
      7.65000      368.754
      7.70000      367.566
      7.75000      366.346
      7.80000      365.152
      7.85000      363.960
      7.90000      362.775
      7.95000      361.593
      8.00000      360.436
      8.05000      359.265
      8.10000      358.114
      8.15000      356.957
      8.20000      355.836
      8.25000      354.709
      8.30000      353.583
      8.35000      352.471
      8.40000      351.388
      8.45000      350.309
      8.50000      349.245
      8.55000      348.173
      8.60000      347.131
      8.65000      346.101
      8.70000      345.095
      8.75000      344.086
      8.80000      343.090
      8.85000      342.130
      8.90000      341.175
      8.95000      340.239
      9.00000      339.325
      9.05000      338.426
      9.10000      337.530
      9.15000      336.692
      9.20000      335.853
      9.25000      335.029
      9.30000      334.238
      9.35000      333.464
      9.40000      332.710
      9.45000      331.960
      9.50000      331.253
      9.55000      330.562
      9.60000      329.878
      9.65000      329.222
      9.70000      328.600
      9.75000      328.003
      9.80000      327.421
      9.85000      326.856
      9.90000      326.325
      9.95000      325.812
      10.0000      325.328
      10.0500      324.842
      10.1000      324.396
      10.1500      323.961
      10.2000      323.559
      10.2500      323.174
      10.3000      322.828
      10.3500      322.498
      10.4000      322.199
      10.4500      321.925
      10.5000      321.666
      10.5500      321.450
      10.6000      321.247
      10.6500      321.065
      10.7000      320.901
      10.7500      320.782
      10.8000      320.690
      10.8500      320.614
      10.9000      320.551
      10.9500      320.539
      11.0000      320.557
      11.0500      320.600
      11.1000      320.666
      11.1500      320.757
      11.2000      320.906
      11.2500      321.066
      11.3000      321.263
      11.3500      321.470
      11.4000      321.708
      11.4500      322.005
      11.5000      322.305
      11.5500      322.655
      11.6000      323.030
      11.6500      323.431
      11.7000      323.885
      11.7500      324.373
      11.8000      324.885
      11.8500      325.458
      11.9000      326.025
      11.9500      326.631
      12.0000      327.310
      12.0500      328.003
      12.1000      328.727
      12.1500      329.496
      12.2000      330.323
      12.2500      331.165
      12.3000      332.099
      12.3500      333.019
      12.4000      334.063
      12.4500      335.105
      12.5000      336.250
      12.5500      337.424
      12.6000      338.661
      12.6500      339.983
      12.7000      341.273
      12.7500      342.684
      12.8000      344.136
      12.8500      345.652
      12.9000      347.235
      12.9500      348.889
      13.0000      350.630
      13.0500      352.396
      13.1000      354.264
      13.1500      356.234
      13.2000      358.197
      13.2500      360.354
      13.3000      362.518
      13.3500      364.771
      13.4000      367.099
      13.4500      369.491
      13.5000      372.018
      13.5500      374.519
      13.6000      377.148
      13.6500      379.772
      13.7000      382.439
      13.7500      385.093
      13.8000      388.002
      13.8500      390.761
      13.9000      393.454
      13.9500      396.175
      14.0000      399.037
      14.0500      401.817
      14.1000      404.639
      14.1500      407.482
      14.2000      410.164
      14.2500      413.053
      14.3000      415.780
      14.3500      418.530
      14.4000      421.259
      14.4500      423.897
      14.5000      426.522
      14.5500      429.203
      14.6000      431.861
      14.6500      434.421
      14.7000      437.049
      14.7500      439.589
      14.8000      442.147
      14.8500      444.709
      14.9000      447.264
      14.9500      449.734
      15.0000      452.262
      15.0500      454.730
      15.1000      457.242
      15.1500      459.699
      15.2000      462.151
      15.2500      464.569
      15.3000      466.988
      15.3500      469.412
      15.4000      471.813
      15.4500      474.200
      15.5000      476.560
      15.5500      478.920
      15.6000      481.314
      15.6500      483.612
      15.7000      485.921
      15.7500      488.227
      15.8000      490.518
      15.8500      492.798
      15.9000      495.057
      15.9500      497.291
      16.0000      499.515
      16.0500      501.700
      16.1000      503.870
      16.1500      506.032
      16.2000      508.177
      16.2500      510.374
      16.3000      512.468
      16.3500      514.588
      16.4000      516.627
      16.4500      518.719
      16.5000      520.771
      16.5500      522.851
      16.6000      524.843
      16.6500      526.828
      16.7000      528.811
      16.7500      530.757
      16.8000      532.759
      16.8500      534.657
      16.9000      536.520
      16.9500      538.357
      17.0000      540.274
      17.0500      542.101
      17.1000      543.994
      17.1500      545.807
      17.2000      547.537
      17.2500      549.272
      17.3000      551.107
      17.3500      552.844
      17.4000      554.478
      17.4500      556.120
      17.5000      557.855
      17.5500      559.507
      17.6000      561.098
      17.6500      562.609
      17.7000      564.248
      17.7500      565.783
      17.8000      567.360
      17.8500      568.804
      17.9000      570.262
      17.9500      571.783
      18.0000      573.235
      18.0500      574.579
      18.1000      575.932
      18.1500      577.308
      18.2000      578.674
      18.2500      579.963
      18.3000      581.241
      18.3500      582.427
      18.4000      583.671
      18.4500      584.870
      18.5000      586.037
      18.5500      587.158
      18.6000      588.267
      18.6500      589.350
      18.7000      590.368
      18.7500      591.355
      18.8000      592.300
      18.8500      593.242
      18.9000      594.173
      18.9500      595.031
      19.0000      595.856
      19.0500      596.595
      19.1000      597.426
      19.1500      598.124
      19.2000      598.748
      19.2500      599.380
      19.3000      599.961
      19.3500      600.566
      19.4000      601.052
      19.4500      601.564
      19.5000      601.932
      19.5500      602.328
      19.6000      602.667
      19.6500      602.967
      19.7000      603.206
      19.7500      603.403
      19.8000      603.569
      19.8500      603.664
      19.9000      603.716
      19.9500      603.740
      20.0000      603.701
      20.0500      603.592
      20.1000      603.437
      20.1500      603.224
      20.2000      602.999
      20.2500      602.659
      20.3000      602.397
      20.3500      601.901
      20.4000      601.530
      20.4500      600.894
      20.5000      600.424
      20.5500      599.703
      20.6000      599.054
      20.6500      598.304
      20.7000      597.558
      20.7500      596.676
      20.8000      595.784
      20.8500      594.825
      20.9000      593.817
      20.9500      592.743
      21.0000      591.623
      21.0500      590.444
      21.1000      589.212
      21.1500      587.961
      21.2000      586.621
      21.2500      585.240
      21.3000      583.787
      21.3500      582.334
      21.4000      580.831
      21.4500      579.207
      21.5000      577.627
      21.5500      576.006
      21.6000      574.345
      21.6500      572.726
      21.7000      570.970
      21.7500      569.200
      21.8000      567.446
      21.8500      565.619
      21.9000      563.800
      21.9500      561.994
      22.0000      560.097
      22.0500      558.141
      22.1000      556.219
      22.1500      554.285
      22.2000      552.301
      22.2500      550.328
      22.3000      548.326
      22.3500      546.296
      22.4000      544.324
      22.4500      542.264
      22.5000      540.263
      22.5500      538.157
      22.6000      536.164
      22.6500      534.125
      22.7000      532.102
      22.7500      530.121
      22.8000      528.103
      22.8500      526.118
      22.9000      524.055
      22.9500      522.103
      23.0000      520.117
      23.0500      518.204
      23.1000      516.242
      23.1500      514.225
      23.2000      512.384
      23.2500      510.526
      23.3000      508.554
      23.3500      506.738
      23.4000      505.030
      23.4500      503.282
      23.5000      501.395
      23.5500      499.703
      23.6000      497.984
      23.6500      496.295
      23.7000      494.604
      23.7500      493.065
      23.8000      491.443
      23.8500      489.951
      23.9000      488.450
      23.9500      486.994
